
Table 1: Descriptive statistics
=====================================================================================
Statistic     N        Mean           St. Dev.           Min              Max        
-------------------------------------------------------------------------------------
X.1          988      494.0             285.0             1               988        
X            988      494.0             285.0             1               988        
year         988     2,006.0             4.0            2,000            2,012       
GDP          950 62,121,352,248.0 161,136,361,501.0 482,341,824.0 1,389,049,411,478.0
GDPpc        945     5,296.0           5,153.0          441.0          30,875.0      
Rural        988       58.0             20.0             9.0             92.0        
CO2          829       2.0               4.0            0.000            38.0        
HCexpend     962       6.0               2.0             2.0             18.0        
Water        982       76.0             18.0            24.0             100.0       
Sanitation   983       50.0             30.0             7.0             99.0        
Unemploym    988       9.0               6.0             1.0             39.0        
Primary      836      102.0             19.0            29.0             165.0       
HCexpendpc   962      124.0             165.0            2.0            1,103.0      
FemUnempl    988       10.0              8.0             0.0             54.0        
FemSchool    828       98.0             21.0            21.0             162.0       
LifeExpect   988       61.0             10.0            38.0             80.0        
DPT          988       80.0             18.0             19               99         
Measles      988       79.0             18.0             16               99         
Population   988   40,890,589.0     133,140,255.0     1,063,715      1,236,686,732   
Incidence    988       0.0               1.0            0.00              4.0        
Incidence2   912       0.0               1.0            0.00              4.0        
IncidenceDif 912      -0.00              0.0            -0.0              0.0        
DDif         912       1.0               0.0              0                1         
lGDP         950       23.0              2.0            20.0             28.0        
lGDPpc       945       8.0               1.0             6.0             10.0        
lRural       988       4.0               0.0             2.0              4.0        
lCO2         829       -1.0              2.0            -6.0              4.0        
lHCexpend    962       2.0               0.0             1.0              3.0        
lWater       982       4.0               0.0             3.0              5.0        
lSanitation  983       4.0               1.0             2.0              5.0        
lUnemploym   988       2.0               1.0            -0.0              4.0        
lPrimary     836       5.0               0.0             3.0              5.0        
lHCexpendpc  962       4.0               1.0             1.0              7.0        
lFemUnempl   988       2.0               1.0            -1.0              4.0        
lFemSchool   828       5.0               0.0             3.0              5.0        
lLifeExpect  988       4.0               0.0             4.0              4.0        
lDPT         988       4.0               0.0             3.0              5.0        
lMeasles     988       4.0               0.0             3.0              5.0        
QFemSchool   828       2.0               1.0              1                4         
Interaction  828       -9.0              4.0            -18.0             6.0        
QInteraction 828       2.0               1.0              1                4         
Inverse      988       -2.0              1.0            -4.0              1.0        
QInverse     988       2.0               1.0              1                4         
-------------------------------------------------------------------------------------
